0 795 606 896 339 636 661 615 555 226 875 93 815 988 875 652 551 174 987 665 631 703 570 472 576 116 118 806 322 426 499 372 954 473 312 538 212 868 213 610 766 209 843 217 780 904 202 309 15 784 376 882 602 105 565 525 37 449 882 771 418 798 363 950 398 775 759 430 771 906 941 419 368 191 651 524 120 515 810 801 48 496 946 431 328 728 49 360 943 67 818 581 291 260 847 454 173 231 112 625
795 0 67 271 46 994 209 460 127 894 720 780 305 48 955 357 140 181 120 791 252 448 32 939 107 67 810 631 534 148 273 289 773 225 390 366 218 534 682 182 92 287 158 756 32 635 945 586 898 147 567 978 219 693 1000 578 607 574 276 619 934 867 380 742 875 506 227 177 65 316 286 553 964 713 200 770 626 180 865 740 773 233 417 444 299 41 195 772 471 102 145 63 324 752 384 817 867 689 651 285
606 67 0 433 807 954 224 105 38 43 235 169 871 292 981 941 909 494 989 247 840 667 161 404 882 881 933 998 195 506 644 565 318 389 880 283 673 644 686 344 46 767 288 598 595 87 255 252 492 223 671 947 607 309 385 221 688 610 740 858 977 720 973 604 514 785 224 314 405 83 593 315 878 154 790 299 230 351 533 928 599 524 993 580 900 562 986 128 770 122 596 77 956 468 996 744 657 984 652 28
896 271 433 0 588 825 756 167 913 482 138 788 870 164 673 189 65 857 426 495 449 219 365 263 394 261 842 622 431 519 808 770 498 987 320 72 569 341 299 855 665 549 516 179 202 319 253 858 604 576 210 19 699 265 312 650 776 528 981 370 199 661 262 645 79 750 709 758 239 702 606 354 460 222 635 93 898 100 800 539 541 909 786 856 922 147 463 771 524 700 353 919 138 252 715 792 519 746 754 434
339 46 807 588 0 239 789 707 44 596 322 426 650 690 18 323 98 737 778 964 378 48 43 701 761 5 633 527 430 349 910 324 737 235 956 150 650 967 649 769 266 4 351 159 273 540 363 38 231 103 242 911 452 421 220 448 268 405 378 496 968 255 966 56 348 674 46 724 704 789 915 59 439 133 392 748 3 445 401 175 885 65 447 202 607 86 639 29 713 447 629 343 687 193 684 760 670 389 19 486
636 994 954 825 239 0 900 712 389 75 27 336 380 553 59 194 215 258 348 845 97 739 616 403 34 277 172 434 993 938 850 390 741 357 255 48 566 53 585 986 178 890 385 224 193 726 396 518 285 580 981 235 182 589 160 494 554 532 926 440 381 675 637 396 206 259 626 380 901 500 137 226 591 176 435 522 964 426 538 563 670 43 748 995 579 839 171 331 741 900 749 644 271 857 675 54 482 418 997 608
661 209 224 756 789 900 0 490 875 126 843 322 631 925 236 126 489 208 850 849 545 865 386 353 590 144 150 1000 566 959 584 648 184 847 487 222 235 45 2 77 884 980 856 41 12 529 450 168 421 325 764 518 548 212 910 170 790 615 554 238 366 548 835 882 587 428 25 351 312 478 286 245 180 385 585 304 232 131 667 957 134 768 832 955 363 496 977 106 6 110 345 152 24 737 393 163 131 616 712 361
615 460 105 167 707 712 490 0 231 706 408 896 102 974 673 367 146 320 484 454 716 661 21 387 873 837 68 13 87 179 202 80 768 791 588 4 772 458 236 393 214 971 348 816 633 29 877 323 876 478 707 758 627 324 261 135 290 505 338 718 814 565 340 370 669 689 616 288 792 487 83 288 121 257 132 668 440 966 140 644 268 741 533 740 84 10 739 974 485 124 312 19 234 742 465 976 535 930 287 231
555 127 38 913 44 389 875 231 0 569 712 335 286 201 303 794 665 124 9 310 589 271 383 290 993 489 316 862 426 214 339 690 184 436 841 278 135 261 508 907 964 132 537 542 568 775 780 962 425 949 874 33 544 823 609 599 29 150 327 976 173 90 503 360 713 326 545 129 555 567 668 906 195 916 723 645 68 979 240 403 442 980 558 423 74 912 323 316 78 312 309 783 547 140 25 775 505 474 585 800
226 894 43 482 596 75 126 706 569 0 937 474 256 456 336 806 486 744 40 25 466 11 503 686 159 269 912 298 72 700 160 320 285 191 973 220 216 958 669 686 546 851 489 947 126 284 252 106 86 86 184 281 924 671 361 788 124 348 165 800 322 987 126 142 190 110 508 729 462 63 54 878 489 132 474 96 235 224 274 476 557 42 998 87 268 709 463 4 529 501 834 927 485 370 428 485 894 97 226 918
875 720 235 138 322 27 843 408 712 937 0 400 693 88 805 40 897 360 468 324 405 709 408 378 657 792 723 880 53 311 378 9 167 519 156 343 31 864 240 916 619 317 41 699 398 713 127 583 888 236 69 49 447 643 977 381 87 970 48 723 924 518 422 289 746 694 133 26 243 262 585 227 900 298 343 967 944 254 796 191 222 250 159 857 724 735 978 682 437 7 236 568 917 577 803 874 306 207 539 359
93 780 169 788 426 336 322 896 335 474 400 0 524 323 622 45 140 805 164 395 93 361 996 880 936 104 340 36 940 471 289 752 309 836 851 615 148 594 13 458 32 977 258 947 446 627 580 198 96 742 91 597 733 322 488 896 822 818 82 79 344 422 376 351 404 145 254 854 579 756 994 641 659 633 724 353 948 295 24 590 10 480 862 852 855 378 401 7 780 382 627 515 464 858 722 873 466 995 579 279
815 305 871 870 650 380 631 102 286 256 693 524 0 510 297 89 454 340 269 803 358 157 515 42 557 579 91 263 908 55 429 451 652 613 594 674 931 437 335 562 383 105 414 260 996 925 674 653 287 433 936 723 68 953 569 367 489 488 515 409 167 822 876 348 244 768 800 376 617 440 261 625 661 847 426 773 182 507 688 915 585 269 370 655 526 22 568 13 415 50 7 21 904 685 820 0 796 478 963 414
988 48 292 164 690 553 925 974 201 456 88 323 510 0 973 322 830 418 749 776 238 786 336 869 280 85 121 478 58 558 91 504 741 895 92 446 49 227 391 349 873 476 873 665 339 150 409 713 426 995 663 623 677 660 965 968 577 348 564 832 694 217 181 23 681 869 662 928 464 489 737 985 715 23 123 415 224 662 871 946 176 359 65 257 336 938 644 842 362 875 198 402 358 462 775 633 565 98 330 843
875 955 981 673 18 59 236 673 303 336 805 622 297 973 0 734 648 260 124 671 448 858 14 776 166 327 586 679 352 394 121 191 231 655 169 315 823 847 94 658 953 647 738 67 697 936 516 628 240 365 699 979 373 370 211 372 842 825 993 999 14 724 249 1000 411 650 918 379 431 408 224 143 449 293 490 757 199 274 354 338 73 463 940 90 764 650 234 839 161 6 818 631 302 412 29 268 161 812 471 367
652 357 941 189 323 194 126 367 794 806 40 45 89 322 734 0 182 712 573 680 951 517 91 892 205 781 474 794 415 859 658 679 713 703 125 344 103 563 411 277 884 225 226 660 141 855 709 610 557 638 261 729 539 470 926 706 401 513 631 66 968 845 453 302 389 305 769 844 238 770 695 891 860 146 952 242 616 884 523 732 146 561 767 185 310 563 701 497 855 361 696 281 891 751 785 166 734 538 456 374
551 140 909 65 98 215 489 146 665 486 897 140 454 830 648 182 0 543 517 477 168 602 600 176 861 938 815 437 820 234 506 335 371 675 743 399 530 966 975 579 279 70 94 213 706 64 755 420 90 610 122 734 30 438 773 300 860 579 287 974 849 581 817 785 882 867 536 951 710 130 94 522 243 528 965 477 804 943 927 917 287 1 240 870 189 435 385 888 259 645 282 240 337 460 787 313 345 628 222 918
174 181 494 857 737 258 208 320 124 744 360 805 340 418 260 712 543 0 134 318 613 68 921 218 753 403 272 919 593 224 841 358 97 686 747 903 326 211 322 342 827 565 949 835 372 102 856 675 951 765 480 699 177 50 192 915 388 992 308 758 740 851 481 275 168 857 536 405 459 867 845 58 653 825 959 290 817 213 13 28 337 655 877 667 408 994 299 901 564 449 416 314 521 96 168 140 295 491 795 473
987 120 989 426 778 348 850 484 9 40 468 164 269 749 124 573 517 134 0 162 327 893 662 462 961 714 202 690 574 679 879 377 644 2 180 513 355 52 954 389 920 784 423 656 468 126 386 599 165 20 352 945 991 444 916 605 380 750 994 87 309 506 660 731 934 733 513 298 544 891 726 369 192 257 607 418 871 722 937 150 847 868 329 325 140 56 772 138 487 106 741 479 953 642 654 710 486 454 334 5
665 791 247 495 964 845 849 454 310 25 324 395 803 776 671 680 477 318 162 0 456 382 892 431 405 30 504 381 791 209 26 291 470 151 938 937 881 923 951 340 494 516 714 215 656 898 502 972 616 783 877 774 820 56 872 417 192 439 24 973 425 129 816 285 616 674 820 821 657 566 913 925 319 24 323 525 864 281 425 938 633 920 665 800 919 757 107 315 653 706 945 433 842 407 156 62 203 446 983 381
631 252 840 449 378 97 545 716 589 466 405 93 358 238 448 951 168 613 327 456 0 229 575 562 693 2 190 340 695 935 813 54 67 557 141 22 120 467 611 644 567 360 840 158 112 323 382 558 910 870 155 184 96 260 916 43 125 656 723 313 470 565 864 12 76 358 723 460 610 671 99 829 590 266 797 996 159 258 921 559 604 800 811 187 352 669 621 659 355 34 536 202 334 507 244 746 9 255 249 386
703 448 667 219 48 739 865 661 271 11 709 361 157 786 858 517 602 68 893 382 229 0 453 622 86 867 112 299 987 374 447 229 488 652 62 422 471 220 507 101 215 453 879 820 327 668 416 354 361 91 167 285 448 595 573 968 98 615 640 854 849 215 666 808 380 682 673 942 120 908 111 9 33 528 395 584 432 697 718 866 584 144 449 123 369 127 97 747 588 954 87 494 281 140 775 964 161 625 408 985
570 32 161 365 43 616 386 21 383 503 408 996 515 336 14 91 600 921 662 892 575 453 0 557 456 857 320 948 839 197 291 580 545 751 449 932 136 851 280 19 506 603 733 331 371 368 224 1 148 263 907 959 441 510 887 463 369 441 339 122 238 534 237 333 351 985 122 773 674 740 145 0 81 579 563 378 419 929 215 877 173 42 8 556 27 729 63 958 647 810 714 242 329 659 629 946 92 439 29 167
472 939 404 263 701 403 353 387 290 686 378 880 42 869 776 892 176 218 462 431 562 622 557 0 88 362 505 641 665 958 339 839 523 666 383 716 247 952 248 15 523 902 199 763 632 586 33 986 951 386 337 421 737 136 337 910 558 681 392 69 182 280 796 393 470 894 86 970 699 77 777 251 628 191 581 613 793 832 773 109 938 309 675 753 383 308 75 606 650 869 7 930 851 221 984 795 694 571 2 977
576 107 882 394 761 34 590 873 993 159 657 936 557 280 166 205 861 753 961 405 693 86 456 88 0 991 149 756 306 884 518 189 756 200 880 70 556 475 697 726 185 289 582 977 863 764 147 234 337 79 633 470 911 243 535 806 314 170 539 820 700 1 340 144 147 988 765 104 890 212 211 676 950 36 189 86 645 555 278 278 201 369 373 134 992 890 721 218 658 503 75 113 17 888 968 23 644 941 447 308
116 67 881 261 5 277 144 837 489 269 792 104 579 85 327 781 938 403 714 30 2 867 857 362 991 0 120 556 141 50 702 845 145 153 408 876 972 323 941 365 95 927 533 571 368 273 836 981 696 266 431 118 491 5 70 437 382 843 594 345 842 206 3 748 989 969 32 426 181 59 403 782 369 522 719 458 839 78 780 908 168 920 996 381 359 532 700 2 719 744 156 311 12 542 421 504 377 93 362 425
118 810 933 842 633 172 150 68 316 912 723 340 91 121 586 474 815 272 202 504 190 112 320 505 149 120 0 722 447 1000 906 716 905 516 542 825 915 954 252 711 223 285 565 273 530 535 658 493 789 669 174 725 995 130 544 264 906 578 613 283 567 809 267 950 781 849 747 4 676 862 731 13 892 749 595 806 688 337 556 306 228 601 815 713 661 521 648 523 580 839 144 309 516 615 673 662 253 954 154 823
806 631 998 622 527 434 1000 13 862 298 880 36 263 478 679 794 437 919 690 381 340 299 948 641 756 556 722 0 942 842 654 611 570 180 220 101 460 859 237 102 147 780 39 422 934 344 961 984 136 74 238 254 19 165 832 595 683 948 900 616 350 432 554 727 4 538 95 14 176 273 859 221 44 395 822 840 315 279 579 82 376 659 897 0 197 73 507 409 520 523 779 698 433 600 681 665 715 234 223 921
322 534 195 431 430 993 566 87 426 72 53 940 908 58 352 415 820 593 574 791 695 987 839 665 306 141 447 942 0 39 902 538 472 152 254 620 375 77 610 233 704 181 818 794 458 304 166 412 151 97 921 267 317 837 888 803 390 926 309 877 167 113 735 423 684 829 87 392 325 732 171 847 6 904 5 624 532 136 903 257 676 678 461 856 415 875 329 158 777 877 447 556 872 954 64 512 943 677 511 179
426 148 506 519 349 938 959 179 214 700 311 471 55 558 394 859 234 224 679 209 935 374 197 958 884 50 1000 842 39 0 674 877 17 962 637 551 998 98 154 549 47 293 439 58 907 74 298 547 879 608 498 201 918 16 473 945 632 944 799 875 17 504 162 952 688 889 329 922 187 285 299 657 133 28 677 176 896 292 115 387 534 115 709 934 710 17 982 776 661 158 978 974 75 37 946 470 316 746 424 103
499 273 644 808 910 850 584 202 339 160 378 289 429 91 121 658 506 841 879 26 813 447 291 339 518 702 906 654 902 674 0 527 394 905 621 739 783 985 45 557 365 578 791 950 625 740 887 190 519 696 698 121 889 286 854 836 303 369 215 573 293 203 819 709 140 582 456 465 233 86 102 609 766 467 745 347 967 99 835 144 504 431 605 121 620 9 326 257 593 147 79 418 79 180 758 832 511 132 512 956
372 289 565 770 324 390 648 80 690 320 9 752 451 504 191 679 335 358 377 291 54 229 580 839 189 845 716 611 538 877 527 0 476 806 25 724 63 697 338 189 63 550 428 963 45 798 585 73 453 548 735 500 969 669 395 501 418 982 419 257 290 725 458 695 330 507 780 893 446 153 298 867 920 140 673 398 432 248 348 919 835 507 418 38 908 750 662 74 889 799 690 832 234 629 274 891 905 853 252 885
954 773 318 498 737 741 184 768 184 285 167 309 652 741 231 713 371 97 644 470 67 488 545 523 756 145 905 570 472 17 394 476 0 85 166 992 470 194 116 131 194 734 380 40 550 27 969 819 944 397 654 115 358 361 975 907 792 761 360 238 968 693 417 74 467 63 743 877 946 924 133 118 603 701 758 339 135 519 162 351 124 319 751 662 202 238 26 458 500 340 54 607 477 639 407 824 246 632 53 916
473 225 389 987 235 357 847 791 436 191 519 836 613 895 655 703 675 686 2 151 557 652 751 666 200 153 516 180 152 962 905 806 85 0 306 542 750 347 442 743 889 282 943 563 993 275 969 580 956 696 802 561 783 274 672 424 36 645 603 616 513 432 78 676 820 160 991 978 504 788 299 4 589 148 508 231 13 829 716 679 807 952 269 126 741 231 923 546 760 274 142 151 857 22 612 25 595 621 242 541
312 390 880 320 956 255 487 588 841 973 156 851 594 92 169 125 743 747 180 938 141 62 449 383 880 408 542 220 254 637 621 25 166 306 0 432 308 423 564 180 734 329 560 16 229 327 622 109 637 48 723 797 322 474 807 347 431 613 125 657 370 790 915 806 883 153 258 200 886 785 224 903 780 574 73 200 710 132 966 135 530 716 672 426 226 160 973 577 939 40 724 541 522 223 580 410 845 460 433 279
538 366 283 72 150 48 222 4 278 220 343 615 674 446 315 344 399 903 513 937 22 422 932 716 70 876 825 101 620 551 739 724 992 542 432 0 887 877 510 435 272 949 803 287 904 47 448 132 294 762 20 301 823 359 178 875 978 126 327 872 304 65 575 720 572 500 592 339 187 908 143 563 950 583 709 82 698 407 907 77 584 457 417 353 589 766 36 773 319 761 525 713 315 153 36 85 492 36 970 585
212 218 673 569 650 566 235 772 135 216 31 148 931 49 823 103 530 326 355 881 120 471 136 247 556 972 915 460 375 998 783 63 470 750 308 887 0 203 838 298 261 605 375 138 491 916 191 369 723 582 31 682 979 667 10 813 157 784 358 122 141 224 916 225 776 436 813 366 591 675 75 637 967 308 513 832 6 932 389 111 48 532 750 278 364 318 133 635 788 809 646 218 542 591 37 788 912 790 521 217
868 534 644 341 967 53 45 458 261 958 864 594 437 227 847 563 966 211 52 923 467 220 851 952 475 323 954 859 77 98 985 697 194 347 423 877 203 0 819 986 448 374 602 6 548 34 210 514 893 239 903 558 448 59 20 507 351 470 594 218 488 481 105 875 321 75 686 597 786 188 526 740 807 56 815 779 111 875 706 452 291 436 402 433 751 267 272 860 949 573 674 100 933 826 654 926 723 447 333 231
213 682 686 299 649 585 2 236 508 669 240 13 335 391 94 411 975 322 954 951 611 507 280 248 697 941 252 237 610 154 45 338 116 442 564 510 838 819 0 505 562 993 199 607 511 786 741 286 8 891 299 361 550 71 388 208 667 28 686 980 490 780 349 4 188 237 432 15 845 774 103 554 483 248 821 291 532 622 84 799 699 122 105 177 513 845 553 541 611 449 197 249 772 451 252 748 145 895 354 638
610 182 344 855 769 986 77 393 907 686 916 458 562 349 658 277 579 342 389 340 644 101 19 15 726 365 711 102 233 549 557 189 131 743 180 435 298 986 505 0 173 438 340 463 755 17 835 773 517 501 752 716 15 913 746 499 682 235 223 959 578 25 195 547 433 235 451 895 13 960 189 201 396 694 961 337 127 801 0 99 245 8 518 399 676 899 218 900 341 643 806 464 183 807 832 680 861 400 348 225
766 92 46 665 266 178 884 214 964 546 619 32 383 873 953 884 279 827 920 494 567 215 506 523 185 95 223 147 704 47 365 63 194 889 734 272 261 448 562 173 0 505 984 957 825 593 871 599 145 971 915 938 211 493 977 988 73 603 489 207 680 448 687 421 122 262 866 43 599 553 265 586 92 609 23 103 114 797 42 23 160 494 246 829 15 65 793 32 718 816 320 912 820 522 6 418 440 884 519 50
209 287 767 549 4 890 980 971 132 851 317 977 105 476 647 225 70 565 784 516 360 453 603 902 289 927 285 780 181 293 578 550 734 282 329 949 605 374 993 438 505 0 751 94 373 800 987 622 257 529 470 36 910 532 980 14 236 847 989 273 192 307 39 783 384 171 19 217 552 976 202 686 579 74 657 875 187 270 547 544 807 20 498 500 760 394 827 163 737 517 506 387 763 845 851 124 578 564 916 918
843 158 288 516 351 385 856 348 537 489 41 258 414 873 738 226 94 949 423 714 840 879 733 199 582 533 565 39 818 439 791 428 380 943 560 803 375 602 199 340 984 751 0 588 534 422 892 399 613 336 409 354 973 106 310 479 4 822 647 954 939 150 961 299 45 629 111 692 871 449 778 26 120 519 736 180 520 783 141 379 506 287 253 718 415 712 382 619 765 36 403 59 154 119 963 807 999 559 998 53
217 756 598 179 159 224 41 816 542 947 699 947 260 665 67 660 213 835 656 215 158 820 331 763 977 571 273 422 794 58 950 963 40 563 16 287 138 6 607 463 957 94 588 0 676 433 334 847 83 790 93 357 381 628 945 805 474 160 798 763 454 686 143 12 257 815 100 614 475 380 440 815 333 571 916 569 286 190 279 94 794 719 144 897 943 165 499 372 692 643 697 555 84 618 568 221 805 673 997 257
780 32 595 202 273 193 12 633 568 126 398 446 996 339 697 141 706 372 468 656 112 327 371 632 863 368 530 934 458 907 625 45 550 993 229 904 491 548 511 755 825 373 534 676 0 508 506 462 997 182 815 377 975 525 967 402 898 661 392 495 918 567 723 559 94 176 96 336 125 583 277 471 326 10 613 759 296 513 187 696 187 469 905 448 126 822 810 503 43 380 878 453 282 566 807 880 239 902 862 636
904 635 87 319 540 726 529 29 775 284 713 627 925 150 936 855 64 102 126 898 323 668 368 586 764 273 535 344 304 74 740 798 27 275 327 47 916 34 786 17 593 800 422 433 508 0 779 97 977 132 889 972 232 285 925 663 396 37 307 756 668 368 661 438 148 252 266 14 759 46 831 385 388 85 870 374 731 411 178 486 545 955 571 538 639 86 867 239 9 30 140 936 927 940 809 669 76 239 414 456
202 945 255 253 363 396 450 877 780 252 127 580 674 409 516 709 755 856 386 502 382 416 224 33 147 836 658 961 166 298 887 585 969 969 622 448 191 210 741 835 871 987 892 334 506 779 0 379 390 924 880 564 542 580 946 185 978 685 957 119 885 26 678 994 986 866 299 731 342 300 577 890 647 453 91 946 103 892 157 107 282 617 722 400 803 263 837 829 519 983 262 52 141 981 69 746 366 655 705 625
309 586 252 858 38 518 168 323 962 106 583 198 653 713 628 610 420 675 599 972 558 354 1 986 234 981 493 984 412 547 190 73 819 580 109 132 369 514 286 773 599 622 399 847 462 97 379 0 687 611 742 684 338 223 406 550 368 186 166 718 914 677 977 902 966 886 709 933 866 249 957 737 406 811 137 543 287 869 510 339 720 147 928 49 232 733 783 376 395 405 872 976 581 285 799 477 684 494 273 758
15 898 492 604 231 285 421 876 425 86 888 96 287 426 240 557 90 951 165 616 910 361 148 951 337 696 789 136 151 879 519 453 944 956 637 294 723 893 8 517 145 257 613 83 997 977 390 687 0 215 798 684 622 7 191 870 626 950 382 376 990 711 422 202 25 556 612 675 614 128 193 558 663 888 322 301 688 493 906 820 989 509 621 417 291 817 68 897 937 838 333 895 382 446 439 866 272 472 502 82
784 147 223 576 103 580 325 478 949 86 236 742 433 995 365 638 610 765 20 783 870 91 263 386 79 266 669 74 97 608 696 548 397 696 48 762 582 239 891 501 971 529 336 790 182 132 924 611 215 0 708 83 972 678 1000 325 288 821 449 563 285 266 213 744 298 881 837 319 298 210 187 657 444 105 693 656 567 938 290 266 567 785 228 739 573 411 659 263 997 11 672 704 872 843 73 782 379 130 14 173
376 567 671 210 242 981 764 707 874 184 69 91 936 663 699 261 122 480 352 877 155 167 907 337 633 431 174 238 921 498 698 735 654 802 723 20 31 903 299 752 915 470 409 93 815 889 880 742 798 708 0 974 17 182 986 886 802 284 48 356 41 206 234 871 847 344 153 411 398 192 234 846 20 5 921 458 110 710 285 725 274 299 998 829 816 267 215 895 680 173 869 302 735 441 310 824 169 463 400 21
882 978 947 19 911 235 518 758 33 281 49 597 723 623 979 729 734 699 945 774 184 285 959 421 470 118 725 254 267 201 121 500 115 561 797 301 682 558 361 716 938 36 354 357 377 972 564 684 684 83 974 0 948 220 504 759 816 48 371 70 99 666 873 723 444 115 982 731 441 765 211 207 149 136 535 589 492 502 232 384 56 177 570 333 718 837 102 392 885 268 962 485 20 897 899 431 781 520 883 816
602 219 607 699 452 182 548 627 544 924 447 733 68 677 373 539 30 177 991 820 96 448 441 737 911 491 995 19 317 918 889 969 358 783 322 823 979 448 550 15 211 910 973 381 975 232 542 338 622 972 17 948 0 745 11 897 128 992 66 252 359 176 372 800 165 521 94 81 377 994 423 304 31 688 155 970 713 182 15 507 589 790 570 894 118 86 124 758 623 921 559 462 766 680 505 924 64 859 24 152
105 693 309 265 421 589 212 324 823 671 643 322 953 660 370 470 438 50 444 56 260 595 510 136 243 5 130 165 837 16 286 669 361 274 474 359 667 59 71 913 493 532 106 628 525 285 580 223 7 678 182 220 745 0 784 679 266 923 211 899 786 201 564 616 412 526 557 971 645 929 228 881 193 661 694 256 222 369 886 209 317 841 997 521 531 806 452 934 494 145 209 644 940 155 161 506 417 767 956 663
565 1000 385 312 220 160 910 261 609 361 977 488 569 965 211 926 773 192 916 872 916 573 887 337 535 70 544 832 888 473 854 395 975 672 807 178 10 20 388 746 977 980 310 945 967 925 946 406 191 1000 986 504 11 784 0 151 438 994 219 809 127 308 333 210 268 367 319 49 945 95 931 736 480 490 892 957 249 346 490 233 524 716 109 332 702 483 47 606 66 909 622 603 139 731 850 420 669 234 134 89
525 578 221 650 448 494 170 135 599 788 381 896 367 968 372 706 300 915 605 417 43 968 463 910 806 437 264 595 803 945 836 501 907 424 347 875 813 507 208 499 988 14 479 805 402 663 185 550 870 325 886 759 897 679 151 0 464 166 983 386 39 534 4 22 100 774 912 668 971 25 996 459 164 444 4 663 774 399 158 933 333 590 40 390 601 167 202 293 324 407 564 640 369 367 608 250 681 73 485 989
37 607 688 776 268 554 790 290 29 124 87 822 489 577 842 401 860 388 380 192 125 98 369 558 314 382 906 683 390 632 303 418 792 36 431 978 157 351 667 682 73 236 4 474 898 396 978 368 626 288 802 816 128 266 438 464 0 703 906 738 872 545 430 461 80 935 965 906 227 364 943 695 617 145 84 59 123 447 496 378 387 385 545 907 942 664 321 930 801 197 124 557 647 666 354 278 5 363 730 646
449 574 610 528 405 532 615 505 150 348 970 818 488 348 825 513 579 992 750 439 656 615 441 681 170 843 578 948 926 944 369 982 761 645 613 126 784 470 28 235 603 847 822 160 661 37 685 186 950 821 284 48 992 923 994 166 703 0 2 749 122 658 963 763 848 981 550 496 11 596 951 651 227 285 608 21 768 531 980 811 284 958 854 124 388 667 581 356 2 111 487 994 124 219 136 505 227 283 222 270
882 276 740 981 378 926 554 338 327 165 48 82 515 564 993 631 287 308 994 24 723 640 339 392 539 594 613 900 309 799 215 419 360 603 125 327 358 594 686 223 489 989 647 798 392 307 957 166 382 449 48 371 66 211 219 983 906 2 0 286 876 516 608 703 140 700 316 676 942 867 894 689 805 287 654 194 919 772 772 351 624 44 574 748 425 202 708 932 378 216 804 15 359 862 256 344 81 879 149 810
771 619 858 370 496 440 238 718 976 800 723 79 409 832 999 66 974 758 87 973 313 854 122 69 820 345 283 616 877 875 573 257 238 616 657 872 122 218 980 959 207 273 954 763 495 756 119 718 376 563 356 70 252 899 809 386 738 749 286 0 364 844 451 482 481 253 669 977 973 61 82 96 708 324 876 179 576 606 227 736 637 125 13 121 905 899 241 322 365 954 247 768 609 616 628 160 918 929 328 533
418 934 977 199 968 381 366 814 173 322 924 344 167 694 14 968 849 740 309 425 470 849 238 182 700 842 567 350 167 17 293 290 968 513 370 304 141 488 490 578 680 192 939 454 918 668 885 914 990 285 41 99 359 786 127 39 872 122 876 364 0 408 642 819 890 221 602 567 924 653 895 545 391 225 229 991 608 200 590 592 122 459 6 378 956 256 562 971 29 458 303 973 568 665 512 70 170 444 336 453
798 867 720 661 255 675 548 565 90 987 518 422 822 217 724 845 581 851 506 129 565 215 534 280 1 206 809 432 113 504 203 725 693 432 790 65 224 481 780 25 448 307 150 686 567 368 26 677 711 266 206 666 176 201 308 534 545 658 516 844 408 0 908 542 349 137 286 172 617 476 755 508 681 250 625 780 67 232 64 612 514 116 763 67 227 577 589 814 417 259 47 891 175 903 991 691 857 581 134 721
363 380 973 262 966 637 835 340 503 126 422 376 876 181 249 453 817 481 660 816 864 666 237 796 340 3 267 554 735 162 819 458 417 78 915 575 916 105 349 195 687 39 961 143 723 661 678 977 422 213 234 873 372 564 333 4 430 963 608 451 642 908 0 874 872 190 92 534 3 88 263 473 555 633 506 191 536 617 374 981 298 621 10 784 676 819 109 333 621 760 660 767 193 881 527 181 30 567 908 73
950 742 604 645 56 396 882 370 360 142 289 351 348 23 1000 302 785 275 731 285 12 808 333 393 144 748 950 727 423 952 709 695 74 676 806 720 225 875 4 547 421 783 299 12 559 438 994 902 202 744 871 723 800 616 210 22 461 763 703 482 819 542 874 0 615 893 911 831 784 622 874 753 29 344 961 478 999 313 166 284 676 349 717 514 924 264 968 427 524 967 662 402 237 26 680 451 920 414 431 779
398 875 514 79 348 206 587 669 713 190 746 404 244 681 411 389 882 168 934 616 76 380 351 470 147 989 781 4 684 688 140 330 467 820 883 572 776 321 188 433 122 384 45 257 94 148 986 966 25 298 847 444 165 412 268 100 80 848 140 481 890 349 872 615 0 486 589 117 475 737 184 330 381 775 201 789 423 139 656 98 113 727 204 256 186 13 36 741 830 625 65 163 78 799 597 46 45 953 166 680
775 506 785 750 674 259 428 689 326 110 694 145 768 869 650 305 867 857 733 674 358 682 985 894 988 969 849 538 829 889 582 507 63 160 153 500 436 75 237 235 262 171 629 815 176 252 866 886 556 881 344 115 521 526 367 774 935 981 700 253 221 137 190 893 486 0 780 559 393 135 635 384 858 564 914 954 577 763 217 495 922 736 225 929 435 927 294 683 115 568 85 740 285 860 281 471 762 293 970 719
759 227 224 709 46 626 25 616 545 508 133 254 800 662 918 769 536 536 513 820 723 673 122 86 765 32 747 95 87 329 456 780 743 991 258 592 813 686 432 451 866 19 111 100 96 266 299 709 612 837 153 982 94 557 319 912 965 550 316 669 602 286 92 911 589 780 0 212 380 646 140 832 460 246 21 618 994 210 431 359 728 681 480 967 493 697 618 326 339 196 713 72 650 294 783 849 510 509 623 493
430 177 314 758 724 380 351 288 129 729 26 854 376 928 379 844 951 405 298 821 460 942 773 970 104 426 4 14 392 922 465 893 877 978 200 339 366 597 15 895 43 217 692 614 336 14 731 933 675 319 411 731 81 971 49 668 906 496 676 977 567 172 534 831 117 559 212 0 569 249 834 687 596 217 920 643 408 150 776 331 672 186 870 262 850 711 386 180 970 585 209 645 192 961 50 943 339 189 93 509
771 65 405 239 704 901 312 792 555 462 243 579 617 464 431 238 710 459 544 657 610 120 674 699 890 181 676 176 325 187 233 446 946 504 886 187 591 786 845 13 599 552 871 475 125 759 342 866 614 298 398 441 377 645 945 971 227 11 942 973 924 617 3 784 475 393 380 569 0 991 578 821 867 768 503 868 482 672 478 634 229 251 384 904 250 817 571 270 313 61 533 371 868 315 106 387 724 494 330 453
906 316 83 702 789 500 478 487 567 63 262 756 440 489 408 770 130 867 891 566 671 908 740 77 212 59 862 273 732 285 86 153 924 788 785 908 675 188 774 960 553 976 449 380 583 46 300 249 128 210 192 765 994 929 95 25 364 596 867 61 653 476 88 622 737 135 646 249 991 0 947 57 820 851 845 964 195 831 348 717 885 460 149 378 798 571 236 108 435 914 242 359 512 78 862 277 469 815 473 37
941 286 593 606 915 137 286 83 668 54 585 994 261 737 224 695 94 845 726 913 99 111 145 777 211 403 731 859 171 299 102 298 133 299 224 143 75 526 103 189 265 202 778 440 277 831 577 957 193 187 234 211 423 228 931 996 943 951 894 82 895 755 263 874 184 635 140 834 578 947 0 186 690 286 313 995 181 850 579 843 295 637 336 365 920 826 513 375 107 750 58 36 898 247 598 835 969 687 671 947
419 553 315 354 59 226 245 288 906 878 227 641 625 985 143 891 522 58 369 925 829 9 0 251 676 782 13 221 847 657 609 867 118 4 903 563 637 740 554 201 586 686 26 815 471 385 890 737 558 657 846 207 304 881 736 459 695 651 689 96 545 508 473 753 330 384 832 687 821 57 186 0 660 557 378 540 293 129 238 864 58 113 403 661 711 855 638 782 595 133 457 13 523 354 128 228 959 19 536 665
368 964 878 460 439 591 180 121 195 489 900 659 661 715 449 860 243 653 192 319 590 33 81 628 950 369 892 44 6 133 766 920 603 589 780 950 967 807 483 396 92 579 120 333 326 388 647 406 663 444 20 149 31 193 480 164 617 227 805 708 391 681 555 29 381 858 460 596 867 820 690 660 0 542 630 120 914 62 889 715 366 104 537 91 150 801 110 644 852 564 923 676 701 919 570 423 937 5 497 993
191 713 154 222 133 176 385 257 916 132 298 633 847 23 293 146 528 825 257 24 266 528 579 191 36 522 749 395 904 28 467 140 701 148 574 583 308 56 248 694 609 74 519 571 10 85 453 811 888 105 5 136 688 661 490 444 145 285 287 324 225 250 633 344 775 564 246 217 768 851 286 557 542 0 716 637 66 426 761 346 221 862 380 184 711 831 478 809 733 980 996 877 951 505 117 676 2 25 257 743
651 200 790 635 392 435 585 132 723 474 343 724 426 123 490 952 965 959 607 323 797 395 563 581 189 719 595 822 5 677 745 673 758 508 73 709 513 815 821 961 23 657 736 916 613 870 91 137 322 693 921 535 155 694 892 4 84 608 654 876 229 625 506 961 201 914 21 920 503 845 313 378 630 716 0 698 25 944 692 256 619 337 811 244 617 567 314 528 192 875 637 838 837 897 216 908 897 268 898 130
524 770 299 93 748 522 304 668 645 96 967 353 773 415 757 242 477 290 418 525 996 584 378 613 86 458 806 840 624 176 347 398 339 231 200 82 832 779 291 337 103 875 180 569 759 374 946 543 301 656 458 589 970 256 957 663 59 21 194 179 991 780 191 478 789 954 618 643 868 964 995 540 120 637 698 0 754 413 593 942 355 290 105 998 641 72 539 135 613 578 935 570 815 960 887 514 571 777 761 222
120 626 230 898 3 964 232 440 68 235 944 948 182 224 199 616 804 817 871 864 159 432 419 793 645 839 688 315 532 896 967 432 135 13 710 698 6 111 532 127 114 187 520 286 296 731 103 287 688 567 110 492 713 222 249 774 123 768 919 576 608 67 536 999 423 577 994 408 482 195 181 293 914 66 25 754 0 813 921 25 906 164 658 162 688 842 773 597 429 701 737 694 434 645 316 598 140 562 574 940
515 180 351 100 445 426 131 966 979 224 254 295 507 662 274 884 943 213 722 281 258 697 929 832 555 78 337 279 136 292 99 248 519 829 132 407 932 875 622 801 797 270 783 190 513 411 892 869 493 938 710 502 182 369 346 399 447 531 772 606 200 232 617 313 139 763 210 150 672 831 850 129 62 426 944 413 813 0 225 993 386 677 646 145 719 121 185 914 592 232 162 216 339 605 478 831 941 282 183 605
810 865 533 800 401 538 667 140 240 274 796 24 688 871 354 523 927 13 937 425 921 718 215 773 278 780 556 579 903 115 835 348 162 716 966 907 389 706 84 0 42 547 141 279 187 178 157 510 906 290 285 232 15 886 490 158 496 980 772 227 590 64 374 166 656 217 431 776 478 348 579 238 889 761 692 593 921 225 0 531 140 437 29 761 65 462 930 237 352 791 407 314 842 12 835 452 743 983 623 980
801 740 928 539 175 563 957 644 403 476 191 590 915 946 338 732 917 28 150 938 559 866 877 109 278 908 306 82 257 387 144 919 351 679 135 77 111 452 799 99 23 544 379 94 696 486 107 339 820 266 725 384 507 209 233 933 378 811 351 736 592 612 981 284 98 495 359 331 634 717 843 864 715 346 256 942 25 993 531 0 943 710 799 997 453 771 433 530 397 106 978 744 389 392 727 362 102 629 45 468
48 773 599 541 885 670 134 268 442 557 222 10 585 176 73 146 287 337 847 633 604 584 173 938 201 168 228 376 676 534 504 835 124 807 530 584 48 291 699 245 160 807 506 794 187 545 282 720 989 567 274 56 589 317 524 333 387 284 624 637 122 514 298 676 113 922 728 672 229 885 295 58 366 221 619 355 906 386 140 943 0 611 822 919 491 205 915 80 780 458 420 284 141 125 303 498 549 777 370 563
496 233 524 909 65 43 768 741 980 42 250 480 269 359 463 561 1 655 868 920 800 144 42 309 369 920 601 659 678 115 431 507 319 952 716 457 532 436 122 8 494 20 287 719 469 955 617 147 509 785 299 177 790 841 716 590 385 958 44 125 459 116 621 349 727 736 681 186 251 460 637 113 104 862 337 290 164 677 437 710 611 0 470 215 690 860 983 429 25 403 645 291 849 994 274 926 624 273 523 657
946 417 993 786 447 748 832 533 558 998 159 862 370 65 940 767 240 877 329 665 811 449 8 675 373 996 815 897 461 709 605 418 751 269 672 417 750 402 105 518 246 498 253 144 905 571 722 928 621 228 998 570 570 997 109 40 545 854 574 13 6 763 10 717 204 225 480 870 384 149 336 403 537 380 811 105 658 646 29 799 822 470 0 993 498 150 895 67 306 783 622 531 21 219 354 216 82 919 299 671
431 444 580 856 202 995 955 740 423 87 857 852 655 257 90 185 870 667 325 800 187 123 556 753 134 381 713 0 856 934 121 38 662 126 426 353 278 433 177 399 829 500 718 897 448 538 400 49 417 739 829 333 894 521 332 390 907 124 748 121 378 67 784 514 256 929 967 262 904 378 365 661 91 184 244 998 162 145 761 997 919 215 993 0 755 859 83 69 701 980 395 61 140 557 204 533 11 28 127 899
328 299 900 922 607 579 363 84 74 268 724 855 526 336 764 310 189 408 140 919 352 369 27 383 992 359 661 197 415 710 620 908 202 741 226 589 364 751 513 676 15 760 415 943 126 639 803 232 291 573 816 718 118 531 702 601 942 388 425 905 956 227 676 924 186 435 493 850 250 798 920 711 150 711 617 641 688 719 65 453 491 690 498 755 0 689 172 437 894 420 120 336 720 146 661 187 843 349 203 528
728 41 562 147 86 839 496 10 912 709 735 378 22 938 650 563 435 994 56 757 669 127 729 308 890 532 521 73 875 17 9 750 238 231 160 766 318 267 845 899 65 394 712 165 822 86 263 733 817 411 267 837 86 806 483 167 664 667 202 899 256 577 819 264 13 927 697 711 817 571 826 855 801 831 567 72 842 121 462 771 205 860 150 859 689 0 552 833 108 537 511 752 586 753 200 949 133 773 143 868
49 195 986 463 639 171 977 739 323 463 978 401 568 644 234 701 385 299 772 107 621 97 63 75 721 700 648 507 329 982 326 662 26 923 973 36 133 272 553 218 793 827 382 499 810 867 837 783 68 659 215 102 124 452 47 202 321 581 708 241 562 589 109 968 36 294 618 386 571 236 513 638 110 478 314 539 773 185 930 433 915 983 895 83 172 552 0 546 439 128 742 427 827 743 862 622 35 777 787 703
360 772 128 771 29 331 106 974 316 4 682 7 13 842 839 497 888 901 138 315 659 747 958 606 218 2 523 409 158 776 257 74 458 546 577 773 635 860 541 900 32 163 619 372 503 239 829 376 897 263 895 392 758 934 606 293 930 356 932 322 971 814 333 427 741 683 326 180 270 108 375 782 644 809 528 135 597 914 237 530 80 429 67 69 437 833 546 0 354 1 300 126 892 654 666 381 310 544 761 282
943 471 770 524 713 741 6 485 78 529 437 780 415 362 161 855 259 564 487 653 355 588 647 650 658 719 580 520 777 661 593 889 500 760 939 319 788 949 611 341 718 737 765 692 43 9 519 395 937 997 680 885 623 494 66 324 801 2 378 365 29 417 621 524 830 115 339 970 313 435 107 595 852 733 192 613 429 592 352 397 780 25 306 701 894 108 439 354 0 608 232 489 606 549 563 339 171 921 605 706
67 102 122 700 447 900 110 124 312 501 7 382 50 875 6 361 645 449 106 706 34 954 810 869 503 744 839 523 877 158 147 799 340 274 40 761 809 573 449 643 816 517 36 643 380 30 983 405 838 11 173 268 921 145 909 407 197 111 216 954 458 259 760 967 625 568 196 585 61 914 750 133 564 980 875 578 701 232 791 106 458 403 783 980 420 537 128 1 608 0 360 373 384 521 510 875 202 915 920 972
818 145 596 353 629 749 345 312 309 834 236 627 7 198 818 696 282 416 741 945 536 87 714 7 75 156 144 779 447 978 79 690 54 142 724 525 646 674 197 806 320 506 403 697 878 140 262 872 333 672 869 962 559 209 622 564 124 487 804 247 303 47 660 662 65 85 713 209 533 242 58 457 923 996 637 935 737 162 407 978 420 645 622 395 120 511 742 300 232 360 0 621 902 405 777 588 425 31 438 746
581 63 77 919 343 644 152 19 783 927 568 515 21 402 631 281 240 314 479 433 202 494 242 930 113 311 309 698 556 974 418 832 607 151 541 713 218 100 249 464 912 387 59 555 453 936 52 976 895 704 302 485 462 644 603 640 557 994 15 768 973 891 767 402 163 740 72 645 371 359 36 13 676 877 838 570 694 216 314 744 284 291 531 61 336 752 427 126 489 373 621 0 667 955 920 452 637 994 949 443
291 324 956 138 687 271 24 234 547 485 917 464 904 358 302 891 337 521 953 842 334 281 329 851 17 12 516 433 872 75 79 234 477 857 522 315 542 933 772 183 820 763 154 84 282 927 141 581 382 872 735 20 766 940 139 369 647 124 359 609 568 175 193 237 78 285 650 192 868 512 898 523 701 951 837 815 434 339 842 389 141 849 21 140 720 586 827 892 606 384 902 667 0 783 888 541 531 972 659 719
260 752 468 252 193 857 737 742 140 370 577 858 685 462 412 751 460 96 642 407 507 140 659 221 888 542 615 600 954 37 180 629 639 22 223 153 591 826 451 807 522 845 119 618 566 940 981 285 446 843 441 897 680 155 731 367 666 219 862 616 665 903 881 26 799 860 294 961 315 78 247 354 919 505 897 960 645 605 12 392 125 994 219 557 146 753 743 654 549 521 405 955 783 0 805 287 192 657 450 86
847 384 996 715 684 675 393 465 25 428 803 722 820 775 29 785 787 168 654 156 244 775 629 984 968 421 673 681 64 946 758 274 407 612 580 36 37 654 252 832 6 851 963 568 807 809 69 799 439 73 310 899 505 161 850 608 354 136 256 628 512 991 527 680 597 281 783 50 106 862 598 128 570 117 216 887 316 478 835 727 303 274 354 204 661 200 862 666 563 510 777 920 888 805 0 630 227 220 47 522
454 817 744 792 760 54 163 976 775 485 874 873 0 633 268 166 313 140 710 62 746 964 946 795 23 504 662 665 512 470 832 891 824 25 410 85 788 926 748 680 418 124 807 221 880 669 746 477 866 782 824 431 924 506 420 250 278 505 344 160 70 691 181 451 46 471 849 943 387 277 835 228 423 676 908 514 598 831 452 362 498 926 216 533 187 949 622 381 339 875 588 452 541 287 630 0 719 304 132 324
173 867 657 519 670 482 131 535 505 894 306 466 796 565 161 734 345 295 486 203 9 161 92 694 644 377 253 715 943 316 511 905 246 595 845 492 912 723 145 861 440 578 999 805 239 76 366 684 272 379 169 781 64 417 669 681 5 227 81 918 170 857 30 920 45 762 510 339 724 469 969 959 937 2 897 571 140 941 743 102 549 624 82 11 843 133 35 310 171 202 425 637 531 192 227 719 0 482 420 925
231 689 984 746 389 418 616 930 474 97 207 995 478 98 812 538 628 491 454 446 255 625 439 571 941 93 954 234 677 746 132 853 632 621 460 36 790 447 895 400 884 564 559 673 902 239 655 494 472 130 463 520 859 767 234 73 363 283 879 929 444 581 567 414 953 293 509 189 494 815 687 19 5 25 268 777 562 282 983 629 777 273 919 28 349 773 777 544 921 915 31 994 972 657 220 304 482 0 447 121
112 651 652 754 19 997 712 287 585 226 539 579 963 330 471 456 222 795 334 983 249 408 29 2 447 362 154 223 511 424 512 252 53 242 433 970 521 333 354 348 519 916 998 997 862 414 705 273 502 14 400 883 24 956 134 485 730 222 149 328 336 134 908 431 166 970 623 93 330 473 671 536 497 257 898 761 574 183 623 45 370 523 299 127 203 143 787 761 605 920 438 949 659 450 47 132 420 447 0 414
625 285 28 434 486 608 361 231 800 918 359 279 414 843 367 374 918 473 5 381 386 985 167 977 308 425 823 921 179 103 956 885 916 541 279 585 217 231 638 225 50 918 53 257 636 456 625 758 82 173 21 816 152 663 89 989 646 270 810 533 453 721 73 779 680 719 493 509 453 37 947 665 993 743 130 222 940 605 980 468 563 657 671 899 528 868 703 282 706 972 746 443 719 86 522 324 925 121 414 0
